x0 = 0.000000	
y0 = 0.000000	
f = 7935.786962	
k1 = 2.100637e-009	
k2 = 1.666433e-016	
p1 = 1.641300e-007	
p2 = 4.147589e-010
